ca-grqc-connected : 0.8456052537838395
cmu : 0.4319526627218936
com-amazon-connected : 0.9262060325166941
email-enron-connected : 0.5969575246329657
fb-caltech-connected : 0.3978304857902685
fb-pages-company : 0.7299412597743383
karate-graph : 0.41880341880341876
karate : 0.42983639736886486
rt-retweet : 0.6794506538096282
simple_graph : 0.2881944444444444
soc-slashdot : 0.3483903043204483
tmp : 0.470873786407767
