Graph: karate
min: 12381.133333333333
q1: 12459.141666666666
median: 12522.4
q3: 12582.808333333332
max: 12622.7

